499 tum 9599999991

’ mmmm. 999997... ·

, . phileum 410.

Ι 8597949599. 595 999.
Pindarus. 995. 495.
voum. 587. 899. 499. ·

Pseudo-umam 390.

. 6959899393 Aristophanis. 55.

scholium Euripidis. 995. 394 Β.
Simonides. ³²⁶'·.³⁹²'

993399 m.. 93..) ιε. (.·..) ¹9· 9399 93. 93. 99.) 9.
. 933. 9399 12⁷· (.·.,999 1⁵1· (999999 ,

¹ Antigone. (9545.) 95. (9545.) 99. (859. 879 9.)98999. (9849 ’

3399··3)3((339··3)33(993·9)3 (¹⁵1·¹·(9)7 (933)·
(1¹3ss 5⁹s⁰⁸⁶³ (333) 93 ·(¹.²7⁶··)99 (3333) 3-43 (339·

Electra. (864 858546. 9911. 499.,(9984. 9999),45. (9945. 9966.)
64. (9955.) 99.(948.)99. (9989.) 999. (9947.) 999“(9989.)
’986. ((485. integrum mm.) 947 999. (957.) 549.
(949.) 884. (949. 896.) 586. (948.) 848. (966. 996) 494.

0984999 Colonum. (599.) 99. (9569.) 97. (9499. 9477.) 36.
(1400.4³.(14ss..)43(1493..1.543(a⁶205..·)44
(9575. 9554.) 45. (988.9).89 (945.,)89 (988.) 89 (97)
89. (975.) 89. (9.494)85. (9464. 9448.)9969937.9 (9569.)
994. (9.9454 ι.468) 955 999. (9447. 9469.) 3549 (9557.
9568) 967 uq. (9455. 9479.) 979. (9794.) 948. ι(888)
978. (679..)849 (95659 574.) 499 999 ¹ . -

09339393 Rea ((39) 33· (3393) 33· (3339) 39 (3333) 933 . -

' (9999 9.) 889 (477.) 94. (9859. 9559.) 997. (569. 699.) ·
995. (664. 69559 9989 999.( (896 9894.) 97.9 (9559..) 9.77

(589. 9.) 548. (684.) 584. (768.) 854. (957.) 584. (9496.)
33 (739·(339 ’

Philoctete. 9(499 999.) 99. (9999.) )96. (898 9999,)85. (977.
..88) 47. (99 995 9999.) 48. (858. 855.) 85. (9997.) 85. ·’
(384..9)85 ,(99.)99 )995. (679999.)994. (796ζ 7989999) “
359. (9999)5453 (3.995)545. ¹

 

